Loop	Sum

  1	155403184
  2	154054272
  3	152893616
  4	152520352
  5	152792480
  6	152628112
  7	151881632
  8	152546672
  9	151952192
  10	152224128
  11	151526400
  12	152926800
  13	153463120
  14	151886064
  15	152025872
  16	151722768
  17	152060496
  18	152815232
  19	152577616
  20	152615264
  21	152817696
  22	153434128
  23	153200752
  24	153807280
  25	153848272
  26	152978384
  27	153116992
  28	153357456
  29	152650160
  30	152330944
  31	153615680
  32	153577616
  33	153813664
  34	153527568
  35	153296672
  36	153207392
  37	152721616
  38	153376832
  39	153765680
  40	153830288
  41	152606384
  42	152794528
  43	153230816
  44	153780768
  45	153632496
  46	154609536
  47	153939248
  48	152960080
  49	152642416
  50	153699056
  51	154776800
  52	154261072
  53	152842976
  54	152552384
  55	151723392
  56	151251984
  57	151399936
  58	151072304
  59	150212192
  60	149689472
  61	149633408
  62	150013744
  63	149421520
  64	149708944
  65	149370368
  66	149753840
  67	150071312
  68	149602336
  69	149620896
  70	149471504
  71	149849088
  72	149612640
  73	149790160
  74	150170176
  75	150096608
  76	149942400
  77	150069056
  78	149855216
  79	150770480
  80	150803312
  81	149880176
  82	150395488
  83	150028640
  84	149792464
  85	150962656
  86	150345136
  87	149613376
  88	150357424
  89	150264880
  90	150336112
  91	150586768
  92	149755920
  93	149912112
  94	150242608
  95	150909104
  96	151133472
  97	151786144
  98	151496096
  99	151009456
  100	151602592
  101	151646896
  102	151518832
  103	152048528
  104	151306912
  105	150500192
  106	150837904
  107	149960176
  108	150746176
  109	151195680
  110	151728720
  111	150315584
  112	150850576
  113	151071008
  114	150965200
  115	151267024
  116	151861008
  117	151295744
  118	150791952
  119	151562096
  120	152438752
  121	151444864
  122	151772208
  123	150789584
  124	152377808
  125	151856832
  126	151211728
  127	152364192
  128	152921056
  129	152695312
  130	152566544
  131	152816400
  132	152643328
  133	151010336
  134	150830032
  135	151620528
  136	152902640
  137	153839008
  138	152841248
  139	153399920
  140	153311632
  141	153209680
  142	152787824
  143	152619584
  144	152917776
  145	152159712
  146	152011712
  147	152233328
  148	152397440
  149	153157904
  150	152116992
  151	149945264
  152	151014240
  153	151129792
  154	151588352
  155	150887744
  156	152064384
  157	153079760
  158	153112128
  159	153027312
  160	152733152
  161	152816624
  162	151219712
  163	152229040
  164	152568992
  165	151687984
  166	150600336
  167	152045328
  168	151538960
  169	151870768
  170	152241232
  171	152359680
  172	151866480
  173	151714096
  174	152197632
  175	152493008
  176	152838192
  177	151971024
  178	153092144
  179	152929392
  180	151473872
  181	152410560
  182	151863552
  183	151290896
  184	151989968
  185	152070128
  186	152552096
  187	152931136
  188	152275424
  189	153049152
  190	152895568
  191	153446416
  192	153778192
  193	154013056
  194	153588496
  195	153663952
  196	153591424
  197	154028272
  198	154242912
  199	153309120
  200	152007280
  201	151803936
  202	151947088
  203	152604768
  204	152158976
  205	152298096
  206	151960384
  207	152002624
  208	150939232
  209	150419824
  210	149756448
  211	151119568
  212	150184592
  213	150995728
  214	151984720
  215	152750464
  216	153377024
  217	152657104
  218	152768800
  219	153104880
  220	152841968
  221	152561344
  222	152874784
  223	152815744
  224	152881168
  225	152737264
  226	153165584
  227	153144224
  228	152821872
  229	152878144
  230	152998064
  231	151939520
  232	151870128
  233	152298112
  234	151741536
  235	152177440
  236	152481248
  237	151845216
  238	151496384
  239	150636896
  240	150375424
  241	149860608
  242	149147568
  243	148403552
  244	149607008
  245	150229072
  246	150777600
  247	150268432
  248	149902896
  249	150354352
  250	149587120
  251	149581200
  252	150662384
  253	150592608
  254	151546400
  255	151756208
  256	151648064
  257	152352112
  258	152088224
  259	151317488
  260	152131472
  261	151995280
  262	152189296
  263	152685152
  264	152777440
  265	152337312
  266	148188688
  267	148078736
  268	146956464
  269	147322800
  270	146523584
  271	145882416
  272	146048832
  273	146420944
  274	146041120
  275	146670400
  276	147060352
  277	147355408
  278	147514512
  279	147189984
  280	146529824
  281	144664336
  282	145424864
  283	146267168
  284	145155008
  285	145062704
  286	143702016
  287	144717632
  288	144584864
  289	145746736
  290	145672768
  291	145824672
  292	145588864
  293	146033952
  294	146107392
  295	146296336
  296	145726688
  297	146446816
  298	145972496
  299	144566192
  300	144885728
  301	145588416
  302	145110080
  303	145722896
  304	146204592
  305	146669440
  306	145975856
  307	146442192
  308	146368240
  309	146740304
  310	145292752
  311	145852256
  312	145133424
  313	145734960
  314	146226752
  315	146509792
  316	145453376
  317	144881904
  318	145295584
  319	144993120
  320	144247296
  321	143642592
  322	145053152
  323	145164608
  324	144788192
  325	145814640
  326	145624608
  327	145905296
  328	145422400
  329	146512064
  330	146073136
  331	146007504
  332	146905808
  333	146860592
  334	146423280
  335	145487520
  336	146676096
  337	146749392
  338	145745232
  339	145154496
  340	146389680
  341	145795520
  342	146411888
  343	146832224
  344	146077808
  345	145888208
  346	145248768
  347	146468640
  348	147636416
  349	147109264
  350	147722432
  351	147330928
  352	145374336
  353	146612016
  354	147106144
  355	147142448
  356	147176848
  357	147239040
  358	147933152
  359	146663888
  360	146383088
  361	146628704
  362	147994240
  363	146993072
  364	146076064
  365	146321840
  366	146262928
  367	147225888
  368	146878000
  369	146565056
  370	146359120
  371	145131136
  372	146359920
  373	145637584
  374	144786416
  375	145918384
  376	146406800
  377	146498480
  378	146695168
  379	146836528
  380	146681168
  381	146410416
  382	145938240
  383	146231056
  384	145508400
  385	146562016
  386	146659680
  387	145215024
  388	145198368
  389	144747664
  390	144659600
  391	144886560
  392	145457744
  393	145133504
  394	145185344
  395	144773904
  396	145727872
  397	145191392
  398	146234400
  399	146292640
  400	145062096
  401	145852736
  402	145486016
  403	145156400
  404	146004784
  405	145329440
  406	144625136
  407	144303248
  408	144774432
  409	143374432
  410	143667808
  411	143918224
  412	146077248
  413	144033136
  414	144536432
  415	145402768
  416	145928416
  417	144566592
  418	144674080
  419	144509120
  420	144279520
  421	145412080
  422	145081152
  423	145315792
  424	144912400
  425	146703552
  426	146586624
  427	145064208
  428	146747584
  429	146034144
  430	145939824
  431	146264592
  432	145223008
  433	144863696
  434	144296624
  435	144042000
  436	143954832
  437	145759280
  438	145851920
  439	145401344
  440	146216640
  441	146327440
  442	145485952
  443	145512704
  444	145718512
  445	145650800
  446	146130000
  447	146090720
  448	146184304
  449	145325824
  450	144524096
  451	144169712
  452	143899920
  453	145717104
  454	145994944
  455	144577184
  456	144574544
  457	144905968
  458	143495712
  459	144754992
  460	143523008
  461	142759152
  462	143727728
  463	144139312
  464	143901216
  465	144859200
  466	144552512
  467	145707872
  468	145620368
  469	145626528
  470	145412928
  471	145844208
  472	144928128
  473	145403840
  474	144950352
  475	143802064
  476	144160576
  477	145396080
  478	144764736
  479	143915744
  480	143877968
  481	144979568
  482	145175024
  483	144868096
  484	144692144
  485	144370272
  486	144800576
  487	143773728
  488	144375424
  489	145510064
  490	143972128
  491	143741760
  492	143529744
  493	143197328
  494	143084496
  495	143701728
  496	143645456
  497	142571040
  498	143521344
  499	143715056
  500	144477008
  501	144457312
  502	143020256
  503	143117088
  504	143042288
  505	142392736
  506	143418848
  507	143493264
  508	142545696
  509	143812880
  510	142254560
  511	141719392
  512	143082704
  513	142934976
  514	142196976
  515	143955968
  516	144337760
  517	143231184
  518	143471872
  519	144653808
  520	143891104
  521	143661728
  522	143874416
  523	143561568
  524	144402944
  525	144509440
  526	144094848
  527	144793744
  528	144405104
  529	144189936
  530	145000624
  531	144527600
  532	144107296
  533	145092608
  534	144649104
  535	144947920
  536	145885952
  537	143820304
  538	144953808
  539	144673264
  540	144401664
  541	144601328
  542	144598672
  543	144285360
  544	144361168
  545	144337824
  546	143039184
  547	143114224
  548	142601648
  549	143680624
  550	144191856
  551	143020656
  552	143932816
  553	144244816
  554	142521168
  555	143458160
  556	144565456
  557	144734608
  558	145349792
  559	145095888
  560	143521712
  561	145250912
  562	144415280
  563	145481136
  564	144588576
  565	143843920
  566	144178304
  567	143249744
  568	143169232
  569	144629824
  570	142982624
  571	145095792
  572	145507856
  573	144013648
  574	145380992
  575	145084704
  576	144986320
  577	145607520
  578	145426512
  579	144915184
  580	145947376
  581	145049632
  582	145589056
  583	145319312
  584	145304496
  585	144723584
  586	144844784
  587	144184064
  588	144779472
  589	143778976
  590	144620416
  591	143529904
  592	143379216
  593	145776688
  594	146092048
  595	144566512
  596	144279312
  597	143267984
  598	144491360
  599	144103408
  600	142527408
  601	143587872
  602	144600768
  603	144658832
  604	144900512
  605	143479824
  606	143710928
  607	143980176
  608	143567472
  609	143855728
  610	143868352
  611	145188688
  612	145097392
  613	144798976
  614	146115504
  615	146071664
  616	145607632
  617	145867600
  618	145541792
  619	145137888
  620	145710272
  621	145013136
  622	145402032
  623	143510240
  624	145990352
  625	146396624
  626	146470048
  627	146202064
  628	145794048
  629	145917376
  630	145354176
  631	144640144
  632	145052400
  633	144160640
  634	145774544
  635	145737888
  636	145496192
  637	145703136
  638	145105616
  639	145695904
  640	145701168
  641	144407792
  642	145248656
  643	144603232
  644	144933088
  645	145218368
  646	144946496
  647	145115680
  648	145038592
  649	146121184
  650	145370352
  651	145651888
  652	145896064
  653	145490976
  654	144884096
  655	143880560
  656	144676096
  657	144603072
  658	144263568
  659	144937568
  660	143679024
  661	144712944
  662	145780880
  663	145863312
  664	145258496
  665	144711760
  666	145328000
  667	144951296
  668	144708544
  669	145355920
  670	144072352
  671	144853856
  672	144360688
  673	146147456
  674	146289920
  675	145354256
  676	146049296
  677	145076576
  678	145937776
  679	145426832
  680	145329520
  681	145387984
  682	145285536
  683	145767632
  684	145071776
  685	146299984
  686	145606016
  687	146419968
  688	145941280
  689	144719520
  690	145897424
  691	145429520
  692	146395312
  693	146443312
  694	146026448
  695	146442368
  696	146034640
  697	147732000
  698	146935520
  699	147892848
  700	148213040
  701	146989824
  702	147692960
  703	147345344
  704	148301136
  705	146472416
  706	146801328
  707	147985936
  708	147541616
  709	147482720
  710	146038480
  711	147680672
  712	147222768
  713	147103424
  714	147978032
  715	147706080
  716	148634736
  717	146943952
  718	147443856
  719	148043504
  720	147853776
  721	148444112
  722	146847488
  723	147455616
  724	147194192
  725	147089376
  726	146812864
  727	145023328
  728	146849056
  729	145997520
  730	146287104
  731	145519312
  732	146538544
  733	145979824
  734	146154896
  735	146926448
  736	146110288
  737	147134128
  738	147188832
  739	146967648
  740	147192016
  741	147042368
  742	147478576
  743	147114688
  744	147347520
  745	145673808
  746	147029568
  747	145181584
  748	143840512
  749	144958512
  750	144700192
  751	145409888
  752	144938320
  753	145547776
  754	145718832
  755	145764144
  756	146533440
  757	146152688
  758	146319520
  759	146513824
  760	147350416
  761	147491232
  762	148249328
  763	148379600
  764	147567360
  765	146913984
  766	145835728
  767	146999584
  768	146881792
  769	147222928
  770	148197392
  771	147824624
  772	148372144
  773	146707232
  774	147670640
  775	146242880
  776	146791600
  777	146544032
  778	147993776
  779	148927856
  780	148662320
  781	148505776
  782	148741632
  783	148156304
  784	147345184
  785	147685728
  786	146703392
  787	146635200
  788	147346032
  789	147108320
  790	146712896
  791	146933280
  792	148212400
  793	147495264
  794	147524688
  795	147433712
  796	148011296
  797	147550912
  798	147779408
  799	147427920
  800	147266912
  801	147116624
  802	147344528
  803	148208896
  804	147419328
  805	147303024
  806	147406800
  807	146911984
  808	146868448
  809	147532896
  810	147206256
  811	148234288
  812	148335296
  813	147577680
  814	147878448
  815	146794496
  816	147222848
  817	147090848
  818	147430320
  819	147007840
  820	147877408
  821	146587216
  822	147290320
  823	146926080
  824	147060032
  825	146682384
  826	147831504
  827	146884608
  828	147402976
  829	146969312
  830	147317392
  831	147375984
  832	146481280
  833	146059200
  834	145913936
  835	146399360
  836	146769664
  837	147293552
  838	147237072
  839	146816944
  840	146495552
  841	147286176
  842	146958432
  843	146502304
  844	146341808
  845	147153712
  846	146370416
  847	146001968
  848	146040032
  849	147072720
  850	148122288
  851	148322576
  852	147892480
  853	147586544
  854	146952800
  855	146643952
  856	147959312
  857	146888944
  858	146543552
  859	146521920
  860	148168752
  861	147095344
  862	147276336
  863	146851408
  864	147065104
  865	146618064
  866	147359792
  867	146127984
  868	146747456
  869	146596368
  870	147054160
  871	146596032
  872	146366656
  873	146278288
  874	146436192
  875	145813088
  876	145709104
  877	146709040
  878	146340688
  879	146738144
  880	146306416
  881	146924048
  882	147151744
  883	148366096
  884	147932640
  885	148384512
  886	147648624
  887	147119168
  888	146971648
  889	147155472
  890	146680672
  891	147700720
  892	147742704
  893	147925168
  894	146290288
  895	147125536
  896	146728160
  897	146801136
  898	146485360
  899	145649520
  900	145510768
  901	146174560
  902	146045952
  903	147587872
  904	146330512
  905	146536208
  906	145844272
  907	145824864
  908	144908976
  909	145386720
  910	145538992
  911	146166880
  912	145926832
  913	146383040
  914	146068368
  915	146944480
  916	145919024
  917	146277744
  918	145876560
  919	146000528
  920	146302112
  921	146074096
  922	144925408
  923	145655776
  924	144852832
  925	146388656
  926	144483584
  927	145969296
  928	145698960
  929	146195440
  930	145995536
  931	146747728
  932	146669712
  933	146534400
  934	145577152
  935	146633696
  936	146332928
  937	147095808
  938	146178224
  939	147069968
  940	146580288
  941	147244672
  942	146266816
  943	147012384
  944	145749120
  945	147065264
  946	147204144
  947	146190688
  948	146000912
  949	146121392
  950	145978000
  951	145788928
  952	147113776
  953	146343312
  954	145799872
  955	146106160
  956	147244784
  957	145999856
  958	147124768
  959	146264752
  960	147305680
  961	146457696
  962	147123952
  963	147005568
  964	147548528
  965	145947632
  966	146498560
  967	146555136
  968	147553952
  969	147773600
  970	147595248
  971	146447872
  972	147440256
  973	147271808
  974	147581312
  975	147457296
  976	146351136
  977	146894304
  978	145993280
  979	146947968
  980	146383968
  981	147077600
  982	146508032
  983	146781232
  984	144925808
  985	146375984
  986	145943600
  987	146838736
  988	145815344
  989	146674880
  990	146372256
  991	146510976
  992	145936160
  993	146044160
  994	146190592
  995	147126752
  996	147090144
  997	146829136
  998	147069504
  999	146136464
  1000	146759728
